(kicad_pcb (version 20171130) (host pcbnew 5.0.2-bee76a0~70~ubuntu16.04.1)

  (general
    (thickness 1.6)
    (drawings 69)
    (tracks 5487)
    (zones 0)
    (modules 440)
    (nets 313)
  )

  (page A4 portrait)
  (title_block
    (title "OSVA - AA2380")
    (date 2019-02-25)
    (rev 1.0)
    (company "OnE Audio Project")
    (comment 1 "Open Source Versatile Analyzer")
  )

  (layers
    (0 Front signal)
    (1 GND power)
    (2 Power power)
    (31 Back signal)
    (32 B.Adhes user hide)
    (33 F.Adhes user hide)
    (34 B.Paste user hide)
    (35 F.Paste user hide)
    (36 B.SilkS user hide)
    (37 F.SilkS user)
    (38 B.Mask user)
    (39 F.Mask user)
    (40 Dwgs.User user hide)
    (41 Cmts.User user hide)
    (42 Eco1.User user hide)
    (43 Eco2.User user hide)
    (44 Edge.Cuts user)
    (45 Margin user hide)
    (46 B.CrtYd user hide)
    (47 F.CrtYd user hide)
    (48 B.Fab user hide)
    (49 F.Fab user hide)
  )

  (setup
    (last_trace_width 0.25)
    (user_trace_width 0.2)
    (user_trace_width 0.3)
    (user_trace_width 0.4)
    (user_trace_width 0.5)
    (user_trace_width 0.75)
    (user_trace_width 1)
    (user_trace_width 1.5)
    (trace_clearance 0.2)
    (zone_clearance 0.12)
    (zone_45_only yes)
    (trace_min 0.2)
    (segment_width 0.5)
    (edge_width 0.15)
    (via_size 0.8)
    (via_drill 0.4)
    (via_min_size 0.65)
    (via_min_drill 0.3)
    (user_via 0.65 0.3)
    (uvia_size 0.3)
    (uvia_drill 0.1)
    (uvias_allowed no)
    (uvia_min_size 0.2)
    (uvia_min_drill 0.1)
    (pcb_text_width 0.3)
    (pcb_text_size 1.5 1.5)
    (mod_edge_width 0.15)
    (mod_text_size 0.8 0.8)
    (mod_text_width 0.12)
    (pad_size 1.524 1.524)
    (pad_drill 0.762)
    (pad_to_mask_clearance 0.051)
    (solder_mask_min_width 0.25)
    (aux_axis_origin 0 0)
    (grid_origin 106.401 77.321)
    (visible_elements FFFFFF7F)
    (pcbplotparams
      (layerselection 0x010e8_ffffffff)
      (usegerberextensions false)
      (usegerberattributes false)
      (usegerberadvancedattributes false)
      (creategerberjobfile false)
      (excludeedgelayer false)
      (linewidth 0.100000)
      (plotframeref false)
      (viasonmask false)
      (mode 1)
      (useauxorigin false)
      (hpglpennumber 1)
      (hpglpenspeed 20)
      (hpglpendiameter 15.000000)
      (psnegative false)
      (psa4output false)
      (plotreference true)
      (plotvalue false)
      (plotinvisibletext false)
      (padsonsilk false)
      (subtractmaskfromsilk false)
      (outputformat 4)
      (mirror false)
      (drillshape 0)
      (scaleselection 1)
      (outputdirectory "PCB_layout-pdf/pdf/"))
  )

  (net 0 "")
  (net 1 +3.3VA)
  (net 2 +3V3)
  (net 3 GNDD)
  (net 4 3V3in)
  (net 5 +1V8)
  (net 6 VAA)
  (net 7 +12VA)
  (net 8 VEE)
  (net 9 +2V5)
  (net 10 "Net-(C40-Pad2)")
  (net 11 "Net-(C44-Pad2)")
  (net 12 "Net-(C45-Pad2)")
  (net 13 "Net-(C49-Pad2)")
  (net 14 "Net-(C62-Pad1)")
  (net 15 "Net-(C64-Pad1)")
  (net 16 "Net-(C68-Pad1)")
  (net 17 "Net-(C69-Pad1)")
  (net 18 "Net-(C71-Pad1)")
  (net 19 "Net-(C72-Pad2)")
  (net 20 +5V)
  (net 21 "Net-(C78-Pad1)")
  (net 22 "Net-(C79-Pad1)")
  (net 23 -12VA)
  (net 24 "Net-(C85-Pad1)")
  (net 25 "Net-(C110-Pad1)")
  (net 26 "Net-(C112-Pad2)")
  (net 27 "Net-(C115-Pad2)")
  (net 28 "Net-(C116-Pad2)")
  (net 29 "Net-(D1-Pad1)")
  (net 30 ISIN_PIN0)
  (net 31 ISIN_PIN1)
  (net 32 ISOUT_PIN3)
  (net 33 ISOUT_PIN2)
  (net 34 ISOUT_PIN0)
  (net 35 ISOUT_PIN1)
  (net 36 ISIN_PIN2)
  (net 37 ISOUT_PIN4)
  (net 38 ISOUT_PIN5)
  (net 39 ISIN_PIN3)
  (net 40 ISOUT_PIN7)
  (net 41 ISOUT_PIN6)
  (net 42 ISIN_PIN4)
  (net 43 ISOUT_PIN8)
  (net 44 ISOUT_PIN9)
  (net 45 ISOUT_PIN10)
  (net 46 ISIN_PIN5)
  (net 47 ISOUT_PIN11)
  (net 48 CONF2)
  (net 49 CONF3)
  (net 50 CONF1)
  (net 51 CONF0)
  (net 52 ROT_Ta)
  (net 53 ROT_Tb)
  (net 54 LED48k)
  (net 55 ROT_Push)
  (net 56 LED192k)
  (net 57 LED96k)
  (net 58 LED_SE)
  (net 59 LED_CAL)
  (net 60 LEDavg2)
  (net 61 LED_filtoff)
  (net 62 LEDavg1)
  (net 63 LEDavg0)
  (net 64 "Net-(F1-Pad2)")
  (net 65 "Net-(F2-Pad2)")
  (net 66 "Net-(F3-Pad2)")
  (net 67 "Net-(FB1-Pad1)")
  (net 68 "Net-(FB2-Pad2)")
  (net 69 "Net-(FB3-Pad1)")
  (net 70 "Net-(FB4-Pad2)")
  (net 71 JTAG_TCK)
  (net 72 JTAG_TDO)
  (net 73 JTAG_TMS)
  (net 74 JTAG_TDI)
  (net 75 UIO_00)
  (net 76 UIO_01)
  (net 77 UIO_02)
  (net 78 UIO_03)
  (net 79 UIO_04)
  (net 80 UIO_05)
  (net 81 UIO_06)
  (net 82 UIO_07)
  (net 83 UIO_08)
  (net 84 UIO_09)
  (net 85 UIO_10)
  (net 86 "Net-(K2-Pad3)")
  (net 87 "Net-(K5-Pad3)")
  (net 88 FILTER_CH1)
  (net 89 SE_CH1)
  (net 90 FILTER_CH2)
  (net 91 SE_CH2)
  (net 92 "Net-(R10-Pad1)")
  (net 93 "Net-(R17-Pad1)")
  (net 94 "Net-(R19-Pad1)")
  (net 95 ADC1_SDO)
  (net 96 "Net-(R26-Pad2)")
  (net 97 ADC1_SCK)
  (net 98 "Net-(R28-Pad2)")
  (net 99 CLKIN_xN)
  (net 100 CLK100M)
  (net 101 ADC2_SDO)
  (net 102 ADC2_SCK)
  (net 103 LED1_Y)
  (net 104 LED1_G)
  (net 105 LED1_R)
  (net 106 LED2_Y)
  (net 107 LED2_G)
  (net 108 LED2_R)
  (net 109 ADC1_BUSY)
  (net 110 SPDIFO)
  (net 111 ADC2_BUSY)
  (net 112 OUT_PIN0)
  (net 113 OUT_PIN1)
  (net 114 OUT_PIN2)
  (net 115 OUT_PIN3)
  (net 116 IN_PIN0)
  (net 117 IN_PIN1)
  (net 118 OUT_PIN4)
  (net 119 OUT_PIN5)
  (net 120 OUT_PIN6)
  (net 121 OUT_PIN7)
  (net 122 IN_PIN2)
  (net 123 IN_PIN3)
  (net 124 ADC1_CNV)
  (net 125 ADC2_CNV)
  (net 126 PLLS0)
  (net 127 PLLS1)
  (net 128 PLL_OE)
  (net 129 CLKEXT)
  (net 130 OUT_PIN8)
  (net 131 OUT_PIN9)
  (net 132 OUT_PIN10)
  (net 133 OUT_PIN11)
  (net 134 IN_PIN4)
  (net 135 IN_PIN5)
  (net 136 "Net-(K2-Pad8)")
  (net 137 "Net-(K5-Pad8)")
  (net 138 "/Analog front end/REF+5CH1")
  (net 139 "/Analog front end/REF+5CH2")
  (net 140 GNDS)
  (net 141 VCC)
  (net 142 "Net-(C127-Pad2)")
  (net 143 "Net-(C128-Pad2)")
  (net 144 "Net-(C129-Pad2)")
  (net 145 "Net-(J23-Pad1)")
  (net 146 PWM0)
  (net 147 PWM1)
  (net 148 "Net-(C12-Pad1)")
  (net 149 "Net-(C17-Pad2)")
  (net 150 "Net-(C21-Pad2)")
  (net 151 "Net-(C22-Pad2)")
  (net 152 "Net-(C24-Pad2)")
  (net 153 "Net-(C26-Pad1)")
  (net 154 "Net-(C26-Pad2)")
  (net 155 "Net-(C27-Pad2)")
  (net 156 "Net-(C27-Pad1)")
  (net 157 "Net-(C28-Pad1)")
  (net 158 "Net-(C30-Pad2)")
  (net 159 "Net-(C31-Pad2)")
  (net 160 "Net-(C35-Pad1)")
  (net 161 "Net-(C47-Pad2)")
  (net 162 "Net-(C49-Pad1)")
  (net 163 "Net-(C50-Pad1)")
  (net 164 "Net-(C50-Pad2)")
  (net 165 "Net-(C51-Pad1)")
  (net 166 "Net-(C53-Pad2)")
  (net 167 "Net-(C54-Pad2)")
  (net 168 "Net-(C59-Pad1)")
  (net 169 "Net-(C61-Pad1)")
  (net 170 "Net-(C63-Pad1)")
  (net 171 "Net-(C72-Pad1)")
  (net 172 "Net-(C74-Pad1)")
  (net 173 "Net-(C76-Pad2)")
  (net 174 "Net-(C79-Pad2)")
  (net 175 "Net-(C82-Pad2)")
  (net 176 "Net-(C83-Pad1)")
  (net 177 "Net-(C86-Pad1)")
  (net 178 "Net-(C108-Pad1)")
  (net 179 "Net-(C108-Pad2)")
  (net 180 "Net-(C113-Pad1)")
  (net 181 "Net-(C113-Pad2)")
  (net 182 "Net-(C114-Pad2)")
  (net 183 "Net-(C117-Pad2)")
  (net 184 "Net-(C121-Pad2)")
  (net 185 "Net-(C121-Pad1)")
  (net 186 "Net-(C122-Pad2)")
  (net 187 "Net-(C127-Pad1)")
  (net 188 "Net-(D2-Pad1)")
  (net 189 "Net-(D3-Pad2)")
  (net 190 "Net-(D19-Pad2)")
  (net 191 "Net-(D28-Pad2)")
  (net 192 "Net-(D29-Pad2)")
  (net 193 "Net-(D30-Pad4)")
  (net 194 "Net-(D30-Pad3)")
  (net 195 "Net-(D30-Pad1)")
  (net 196 "Net-(D32-Pad2)")
  (net 197 "Net-(D33-Pad2)")
  (net 198 "Net-(D34-Pad1)")
  (net 199 "Net-(D34-Pad3)")
  (net 200 "Net-(D34-Pad4)")
  (net 201 "Net-(J11-Pad9)")
  (net 202 "Net-(J20-Pad1)")
  (net 203 "Net-(J21-Pad1)")
  (net 204 "Net-(J22-Pad2)")
  (net 205 "Net-(R7-Pad2)")
  (net 206 "Net-(R8-Pad2)")
  (net 207 "Net-(R10-Pad2)")
  (net 208 "Net-(R13-Pad2)")
  (net 209 "Net-(R17-Pad2)")
  (net 210 "Net-(R19-Pad2)")
  (net 211 "Net-(R25-Pad2)")
  (net 212 "Net-(R28-Pad1)")
  (net 213 "Net-(R47-Pad2)")
  (net 214 "Net-(R50-Pad1)")
  (net 215 "Net-(R54-Pad2)")
  (net 216 "Net-(R56-Pad1)")
  (net 217 "Net-(R58-Pad1)")
  (net 218 "Net-(R59-Pad1)")
  (net 219 "Net-(R60-Pad1)")
  (net 220 "Net-(R61-Pad1)")
  (net 221 "Net-(R62-Pad1)")
  (net 222 "Net-(R63-Pad1)")
  (net 223 "Net-(R64-Pad1)")
  (net 224 "Net-(R65-Pad1)")
  (net 225 "Net-(R66-Pad1)")
  (net 226 "Net-(R67-Pad1)")
  (net 227 "Net-(R68-Pad1)")
  (net 228 "Net-(R69-Pad1)")
  (net 229 "Net-(R70-Pad1)")
  (net 230 "Net-(R71-Pad1)")
  (net 231 "Net-(R72-Pad1)")
  (net 232 "Net-(R73-Pad1)")
  (net 233 "Net-(R74-Pad1)")
  (net 234 "Net-(R75-Pad1)")
  (net 235 "Net-(R84-Pad1)")
  (net 236 "Net-(R85-Pad1)")
  (net 237 "Net-(R97-Pad2)")
  (net 238 "Net-(R98-Pad2)")
  (net 239 "Net-(R101-Pad2)")
  (net 240 "Net-(R101-Pad1)")
  (net 241 "Net-(J11-Pad1)")
  (net 242 "Net-(J11-Pad3)")
  (net 243 "Net-(J11-Pad5)")
  (net 244 "Net-(J11-Pad7)")
  (net 245 "Net-(J13-Pad4)")
  (net 246 "Net-(J13-Pad7)")
  (net 247 "Net-(J13-Pad9)")
  (net 248 "Net-(J13-Pad10)")
  (net 249 "Net-(J13-Pad12)")
  (net 250 "Net-(J13-Pad14)")
  (net 251 "Net-(J13-Pad16)")
  (net 252 "Net-(J14-Pad2)")
  (net 253 "Net-(J19-Pad6)")
  (net 254 "Net-(J19-Pad7)")
  (net 255 "Net-(J19-Pad8)")
  (net 256 "Net-(T1-Pad15)")
  (net 257 "Net-(T1-Pad7)")
  (net 258 "Net-(T1-Pad2)")
  (net 259 "Net-(U4-Pad5)")
  (net 260 "Net-(U5-Pad1)")
  (net 261 "Net-(U6-Pad5)")
  (net 262 "Net-(U7-Pad1)")
  (net 263 "Net-(U13-Pad17)")
  (net 264 "Net-(U13-Pad9)")
  (net 265 "Net-(U14-Pad7)")
  (net 266 "Net-(U14-Pad3)")
  (net 267 "Net-(U15-Pad4)")
  (net 268 "Net-(U16-Pad7)")
  (net 269 "Net-(U16-Pad3)")
  (net 270 "Net-(U17-Pad4)")
  (net 271 "Net-(U19-Pad2)")
  (net 272 GND)
  (net 273 "Net-(FB3-Pad2)")
  (net 274 "Net-(FB1-Pad2)")
  (net 275 "Net-(H3-Pad1)")
  (net 276 "Net-(H6-Pad1)")
  (net 277 "Net-(C85-Pad4)")
  (net 278 "Net-(C78-Pad4)")
  (net 279 "Net-(C78-Pad2)")
  (net 280 "Net-(C85-Pad2)")
  (net 281 "Net-(J12-Pad4)")
  (net 282 "Net-(J12-Pad6)")
  (net 283 "Net-(U21-Pad67)")
  (net 284 "Net-(U19-Pad5)")
  (net 285 "Net-(JP4-Pad2)")
  (net 286 "Net-(JP3-Pad2)")
  (net 287 "Net-(JP6-Pad2)")
  (net 288 "Net-(JP7-Pad2)")
  (net 289 "/Analog front end/OUTN1")
  (net 290 "/Analog front end/OUTP1")
  (net 291 "/Analog front end/VOCM1")
  (net 292 "/Analog front end/FB1+")
  (net 293 "/Analog front end/IN1-")
  (net 294 "/Analog front end/IN1+")
  (net 295 "/Analog front end/FB1-")
  (net 296 "Net-(U28-Pad7)")
  (net 297 "Net-(D37-Pad1)")
  (net 298 "Net-(D36-Pad1)")
  (net 299 "/Analog front end/OUTN2")
  (net 300 "/Analog front end/OUTP2")
  (net 301 "/Analog front end/VOCM2")
  (net 302 "/Analog front end/FB2+")
  (net 303 "/Analog front end/IN2+")
  (net 304 "/Analog front end/FB2-")
  (net 305 "/Analog front end/IN2-")
  (net 306 "Net-(U29-Pad7)")
  (net 307 "Net-(J24-Pad1)")
  (net 308 "Net-(D38-Pad2)")
  (net 309 "Net-(U27-Pad8)")
  (net 310 "Net-(R109-Pad2)")
  (net 311 "Net-(R108-Pad2)")
  (net 312 "Net-(D38-Pad1)")

  (net_class Default "This is the default net class."
    (clearance 0.2)
    (trace_width 0.25)
    (via_dia 0.8)
    (via_drill 0.4)
    (uvia_dia 0.3)
    (uvia_drill 0.1)
    (add_net "/Analog front end/FB1+")
    (add_net "/Analog front end/FB1-")
    (add_net "/Analog front end/FB2+")
    (add_net "/Analog front end/FB2-")
    (add_net "/Analog front end/IN1+")
    (add_net "/Analog front end/IN1-")
    (add_net "/Analog front end/IN2+")
    (add_net "/Analog front end/IN2-")
    (add_net "/Analog front end/OUTN1")
    (add_net "/Analog front end/OUTN2")
    (add_net "/Analog front end/OUTP1")
    (add_net "/Analog front end/OUTP2")
    (add_net "/Analog front end/VOCM1")
    (add_net "/Analog front end/VOCM2")
    (add_net "Net-(C78-Pad2)")
    (add_net "Net-(C78-Pad4)")
    (add_net "Net-(C85-Pad2)")
    (add_net "Net-(C85-Pad4)")
    (add_net "Net-(D36-Pad1)")
    (add_net "Net-(D37-Pad1)")
    (add_net "Net-(D38-Pad1)")
    (add_net "Net-(D38-Pad2)")
    (add_net "Net-(FB1-Pad2)")
    (add_net "Net-(FB3-Pad2)")
    (add_net "Net-(H3-Pad1)")
    (add_net "Net-(H6-Pad1)")
    (add_net "Net-(J12-Pad4)")
    (add_net "Net-(J12-Pad6)")
    (add_net "Net-(J24-Pad1)")
    (add_net "Net-(JP3-Pad2)")
    (add_net "Net-(JP4-Pad2)")
    (add_net "Net-(JP6-Pad2)")
    (add_net "Net-(JP7-Pad2)")
    (add_net "Net-(R108-Pad2)")
    (add_net "Net-(R109-Pad2)")
    (add_net "Net-(U19-Pad5)")
    (add_net "Net-(U21-Pad67)")
    (add_net "Net-(U27-Pad8)")
    (add_net "Net-(U28-Pad7)")
    (add_net "Net-(U29-Pad7)")
  )

  (net_class Class-5 ""
    (clearance 0.2)
    (trace_width 0.2)
    (via_dia 0.65)
    (via_drill 0.3)
    (uvia_dia 0.3)
    (uvia_drill 0.1)
    (add_net +12VA)
    (add_net +1V8)
    (add_net +2V5)
    (add_net +3.3VA)
    (add_net +3V3)
    (add_net +5V)
    (add_net -12VA)
    (add_net "/Analog front end/REF+5CH1")
    (add_net "/Analog front end/REF+5CH2")
    (add_net 3V3in)
    (add_net ADC1_BUSY)
    (add_net ADC1_CNV)
    (add_net ADC1_SCK)
    (add_net ADC1_SDO)
    (add_net ADC2_BUSY)
    (add_net ADC2_CNV)
    (add_net ADC2_SCK)
    (add_net ADC2_SDO)
    (add_net CLK100M)
    (add_net CLKEXT)
    (add_net CLKIN_xN)
    (add_net CONF0)
    (add_net CONF1)
    (add_net CONF2)
    (add_net CONF3)
    (add_net FILTER_CH1)
    (add_net FILTER_CH2)
    (add_net GND)
    (add_net GNDD)
    (add_net GNDS)
    (add_net IN_PIN0)
    (add_net IN_PIN1)
    (add_net IN_PIN2)
    (add_net IN_PIN3)
    (add_net IN_PIN4)
    (add_net IN_PIN5)
    (add_net ISIN_PIN0)
    (add_net ISIN_PIN1)
    (add_net ISIN_PIN2)
    (add_net ISIN_PIN3)
    (add_net ISIN_PIN4)
    (add_net ISIN_PIN5)
    (add_net ISOUT_PIN0)
    (add_net ISOUT_PIN1)
    (add_net ISOUT_PIN10)
    (add_net ISOUT_PIN11)
    (add_net ISOUT_PIN2)
    (add_net ISOUT_PIN3)
    (add_net ISOUT_PIN4)
    (add_net ISOUT_PIN5)
    (add_net ISOUT_PIN6)
    (add_net ISOUT_PIN7)
    (add_net ISOUT_PIN8)
    (add_net ISOUT_PIN9)
    (add_net JTAG_TCK)
    (add_net JTAG_TDI)
    (add_net JTAG_TDO)
    (add_net JTAG_TMS)
    (add_net LED192k)
    (add_net LED1_G)
    (add_net LED1_R)
    (add_net LED1_Y)
    (add_net LED2_G)
    (add_net LED2_R)
    (add_net LED2_Y)
    (add_net LED48k)
    (add_net LED96k)
    (add_net LED_CAL)
    (add_net LED_SE)
    (add_net LED_filtoff)
    (add_net LEDavg0)
    (add_net LEDavg1)
    (add_net LEDavg2)
    (add_net "Net-(C108-Pad1)")
    (add_net "Net-(C108-Pad2)")
    (add_net "Net-(C110-Pad1)")
    (add_net "Net-(C112-Pad2)")
    (add_net "Net-(C113-Pad1)")
    (add_net "Net-(C113-Pad2)")
    (add_net "Net-(C114-Pad2)")
    (add_net "Net-(C115-Pad2)")
    (add_net "Net-(C116-Pad2)")
    (add_net "Net-(C117-Pad2)")
    (add_net "Net-(C12-Pad1)")
    (add_net "Net-(C121-Pad1)")
    (add_net "Net-(C121-Pad2)")
    (add_net "Net-(C122-Pad2)")
    (add_net "Net-(C127-Pad1)")
    (add_net "Net-(C127-Pad2)")
    (add_net "Net-(C128-Pad2)")
    (add_net "Net-(C129-Pad2)")
    (add_net "Net-(C17-Pad2)")
    (add_net "Net-(C21-Pad2)")
    (add_net "Net-(C22-Pad2)")
    (add_net "Net-(C24-Pad2)")
    (add_net "Net-(C26-Pad1)")
    (add_net "Net-(C26-Pad2)")
    (add_net "Net-(C27-Pad1)")
    (add_net "Net-(C27-Pad2)")
    (add_net "Net-(C28-Pad1)")
    (add_net "Net-(C30-Pad2)")
    (add_net "Net-(C31-Pad2)")
    (add_net "Net-(C35-Pad1)")
    (add_net "Net-(C40-Pad2)")
    (add_net "Net-(C44-Pad2)")
    (add_net "Net-(C45-Pad2)")
    (add_net "Net-(C47-Pad2)")
    (add_net "Net-(C49-Pad1)")
    (add_net "Net-(C49-Pad2)")
    (add_net "Net-(C50-Pad1)")
    (add_net "Net-(C50-Pad2)")
    (add_net "Net-(C51-Pad1)")
    (add_net "Net-(C53-Pad2)")
    (add_net "Net-(C54-Pad2)")
    (add_net "Net-(C59-Pad1)")
    (add_net "Net-(C61-Pad1)")
    (add_net "Net-(C62-Pad1)")
    (add_net "Net-(C63-Pad1)")
    (add_net "Net-(C64-Pad1)")
    (add_net "Net-(C68-Pad1)")
    (add_net "Net-(C69-Pad1)")
    (add_net "Net-(C71-Pad1)")
    (add_net "Net-(C72-Pad1)")
    (add_net "Net-(C72-Pad2)")
    (add_net "Net-(C74-Pad1)")
    (add_net "Net-(C76-Pad2)")
    (add_net "Net-(C78-Pad1)")
    (add_net "Net-(C79-Pad1)")
    (add_net "Net-(C79-Pad2)")
    (add_net "Net-(C82-Pad2)")
    (add_net "Net-(C83-Pad1)")
    (add_net "Net-(C85-Pad1)")
    (add_net "Net-(C86-Pad1)")
    (add_net "Net-(D1-Pad1)")
    (add_net "Net-(D19-Pad2)")
    (add_net "Net-(D2-Pad1)")
    (add_net "Net-(D28-Pad2)")
    (add_net "Net-(D29-Pad2)")
    (add_net "Net-(D3-Pad2)")
    (add_net "Net-(D30-Pad1)")
    (add_net "Net-(D30-Pad3)")
    (add_net "Net-(D30-Pad4)")
    (add_net "Net-(D32-Pad2)")
    (add_net "Net-(D33-Pad2)")
    (add_net "Net-(D34-Pad1)")
    (add_net "Net-(D34-Pad3)")
    (add_net "Net-(D34-Pad4)")
    (add_net "Net-(F1-Pad2)")
    (add_net "Net-(F2-Pad2)")
    (add_net "Net-(F3-Pad2)")
    (add_net "Net-(FB1-Pad1)")
    (add_net "Net-(FB2-Pad2)")
    (add_net "Net-(FB3-Pad1)")
    (add_net "Net-(FB4-Pad2)")
    (add_net "Net-(J11-Pad1)")
    (add_net "Net-(J11-Pad3)")
    (add_net "Net-(J11-Pad5)")
    (add_net "Net-(J11-Pad7)")
    (add_net "Net-(J11-Pad9)")
    (add_net "Net-(J13-Pad10)")
    (add_net "Net-(J13-Pad12)")
    (add_net "Net-(J13-Pad14)")
    (add_net "Net-(J13-Pad16)")
    (add_net "Net-(J13-Pad4)")
    (add_net "Net-(J13-Pad7)")
    (add_net "Net-(J13-Pad9)")
    (add_net "Net-(J14-Pad2)")
    (add_net "Net-(J19-Pad6)")
    (add_net "Net-(J19-Pad7)")
    (add_net "Net-(J19-Pad8)")
    (add_net "Net-(J20-Pad1)")
    (add_net "Net-(J21-Pad1)")
    (add_net "Net-(J22-Pad2)")
    (add_net "Net-(J23-Pad1)")
    (add_net "Net-(K2-Pad3)")
    (add_net "Net-(K2-Pad8)")
    (add_net "Net-(K5-Pad3)")
    (add_net "Net-(K5-Pad8)")
    (add_net "Net-(R10-Pad1)")
    (add_net "Net-(R10-Pad2)")
    (add_net "Net-(R101-Pad1)")
    (add_net "Net-(R101-Pad2)")
    (add_net "Net-(R13-Pad2)")
    (add_net "Net-(R17-Pad1)")
    (add_net "Net-(R17-Pad2)")
    (add_net "Net-(R19-Pad1)")
    (add_net "Net-(R19-Pad2)")
    (add_net "Net-(R25-Pad2)")
    (add_net "Net-(R26-Pad2)")
    (add_net "Net-(R28-Pad1)")
    (add_net "Net-(R28-Pad2)")
    (add_net "Net-(R47-Pad2)")
    (add_net "Net-(R50-Pad1)")
    (add_net "Net-(R54-Pad2)")
    (add_net "Net-(R56-Pad1)")
    (add_net "Net-(R58-Pad1)")
    (add_net "Net-(R59-Pad1)")
    (add_net "Net-(R60-Pad1)")
    (add_net "Net-(R61-Pad1)")
    (add_net "Net-(R62-Pad1)")
    (add_net "Net-(R63-Pad1)")
    (add_net "Net-(R64-Pad1)")
    (add_net "Net-(R65-Pad1)")
    (add_net "Net-(R66-Pad1)")
    (add_net "Net-(R67-Pad1)")
    (add_net "Net-(R68-Pad1)")
    (add_net "Net-(R69-Pad1)")
    (add_net "Net-(R7-Pad2)")
    (add_net "Net-(R70-Pad1)")
    (add_net "Net-(R71-Pad1)")
    (add_net "Net-(R72-Pad1)")
    (add_net "Net-(R73-Pad1)")
    (add_net "Net-(R74-Pad1)")
    (add_net "Net-(R75-Pad1)")
    (add_net "Net-(R8-Pad2)")
    (add_net "Net-(R84-Pad1)")
    (add_net "Net-(R85-Pad1)")
    (add_net "Net-(R97-Pad2)")
    (add_net "Net-(R98-Pad2)")
    (add_net "Net-(T1-Pad15)")
    (add_net "Net-(T1-Pad2)")
    (add_net "Net-(T1-Pad7)")
    (add_net "Net-(U13-Pad17)")
    (add_net "Net-(U13-Pad9)")
    (add_net "Net-(U14-Pad3)")
    (add_net "Net-(U14-Pad7)")
    (add_net "Net-(U15-Pad4)")
    (add_net "Net-(U16-Pad3)")
    (add_net "Net-(U16-Pad7)")
    (add_net "Net-(U17-Pad4)")
    (add_net "Net-(U19-Pad2)")
    (add_net "Net-(U4-Pad5)")
    (add_net "Net-(U5-Pad1)")
    (add_net "Net-(U6-Pad5)")
    (add_net "Net-(U7-Pad1)")
    (add_net OUT_PIN0)
    (add_net OUT_PIN1)
    (add_net OUT_PIN10)
    (add_net OUT_PIN11)
    (add_net OUT_PIN2)
    (add_net OUT_PIN3)
    (add_net OUT_PIN4)
    (add_net OUT_PIN5)
    (add_net OUT_PIN6)
    (add_net OUT_PIN7)
    (add_net OUT_PIN8)
    (add_net OUT_PIN9)
    (add_net PLLS0)
    (add_net PLLS1)
    (add_net PLL_OE)
    (add_net PWM0)
    (add_net PWM1)
    (add_net ROT_Push)
    (add_net ROT_Ta)
    (add_net ROT_Tb)
    (add_net SE_CH1)
    (add_net SE_CH2)
    (add_net SPDIFO)
    (add_net UIO_00)
    (add_net UIO_01)
    (add_net UIO_02)
    (add_net UIO_03)
    (add_net UIO_04)
    (add_net UIO_05)
    (add_net UIO_06)
    (add_net UIO_07)
    (add_net UIO_08)
    (add_net UIO_09)
    (add_net UIO_10)
    (add_net VAA)
    (add_net VCC)
    (add_net VEE)
  )

  (module Jumper:SolderJumper-3_P1.3mm_Open_RoundedPad1.0x1.5mm (layer Front) (tedit 5B391EB7) (tstamp 5C7FFFD3)
    (at 83.64 146.697 90)
    (descr "SMD Solder 3-pad Jumper, 1x1.5mm rounded Pads, 0.3mm gap, open")
    (tags "solder jumper open")
    (path /5BA90750/5C563BC3)
    (attr virtual)
    (fp_text reference JP2 (at 2.9 0.027 180) (layer F.SilkS)
      (effects (font (size 1 1) (thickness 0.15)))
    )
    (fp_text value SolderJumper_3_Bridged12 (at 0 1.9 90) (layer F.Fab)
      (effects (font (size 1 1) (thickness 0.15)))
    )
    (fp_arc (start -1.35 -0.3) (end -1.35 -1) (angle -90) (layer F.SilkS) (width 0.12))
    (fp_arc (start -1.35 0.3) (end -2.05 0.3) (angle -90) (layer F.SilkS) (width 0.12))
    (fp_arc (start 1.35 0.3) (end 1.35 1) (angle -90) (layer F.SilkS) (width 0.12))
    (fp_arc (start 1.35 -0.3) (end 2.05 -0.3) (angle -90) (layer F.SilkS) (width 0.12))
    (fp_line (start 2.3 1.25) (end -2.3 1.25) (layer F.CrtYd) (width 0.05))
    (fp_line (start 2.3 1.25) (end 2.3 -1.25) (layer F.CrtYd) (width 0.05))
    (fp_line (start -2.3 -1.25) (end -2.3 1.25) (layer F.CrtYd) (width 0.05))
    (fp_line (start -2.3 -1.25) (end 2.3 -1.25) (layer F.CrtYd) (width 0.05))
    (fp_line (start -1.4 -1) (end 1.4 -1) (layer F.SilkS) (width 0.12))
    (fp_line (start 2.05 -0.3) (end 2.05 0.3) (layer F.SilkS) (width 0.12))
    (fp_line (start 1.4 1) (end -1.4 1) (layer F.SilkS) (width 0.12))
    (fp_line (start -2.05 0.3) (end -2.05 -0.3) (layer F.SilkS) (width 0.12))
    (fp_line (start -1.2 1.2) (end -1.5 1.5) (layer F.SilkS) (width 0.12))
    (fp_line (start -1.5 1.5) (end -0.9 1.5) (layer F.SilkS) (width 0.12))
    (fp_line (start -1.2 1.2) (end -0.9 1.5) (layer F.SilkS) (width 0.12))
    (pad 2 smd rect (at 0 0 90) (size 1 1.5) (layers Front F.Mask)
      (net 10 "Net-(C40-Pad2)"))
    (pad 3 smd custom (at 1.3 0 90) (size 1 0.5) (layers Front F.Mask)
      (net 272 GND) (zone_connect 0)
      (options (clearance outline) (anchor rect))
      (primitives
        (gr_circle (center 0 0.25) (end 0.5 0.25) (width 0))
        (gr_circle (center 0 -0.25) (end 0.5 -0.25) (width 0))
        (gr_poly (pts
           (xy -0.55 -0.75) (xy 0 -0.75) (xy 0 0.75) (xy -0.55 0.75)) (width 0))
      ))
    (pad 1 smd custom (at -1.3 0 90) (size 1 0.5) (layers Front F.Mask)
      (net 139 "/Analog front end/REF+5CH2") (zone_connect 0)
      (options (clearance outline) (anchor rect))
      (primitives
        (gr_circle (center 0 0.25) (end 0.5 0.25) (width 0))
        (gr_circle (center 0 -0.25) (end 0.5 -0.25) (width 0))
        (gr_poly (pts
           (xy 0.55 -0.75) (xy 0 -0.75) (xy 0 0.75) (xy 0.55 0.75)) (width 0))
      ))
  )

  (module Jumper:SolderJumper-3_P1.3mm_Open_RoundedPad1.0x1.5mm (layer Front) (tedit 5B391EB7) (tstamp 5C7FFFBE)
    (at 143.33 146.667 90)
    (descr "SMD Solder 3-pad Jumper, 1x1.5mm rounded Pads, 0.3mm gap, open")
    (tags "solder jumper open")
    (path /5BA90750/5C2CB5D2)
    (attr virtual)
    (fp_text reference JP1 (at 2.87 0.027 180) (layer F.SilkS)
      (effects (font (size 1 1) (thickness 0.15)))
    )
    (fp_text value SolderJumper_3_Bridged12 (at 0 1.9 90) (layer F.Fab)
      (effects (font (size 1 1) (thickness 0.15)))
    )
    (fp_line (start -1.2 1.2) (end -0.9 1.5) (layer F.SilkS) (width 0.12))
    (fp_line (start -1.5 1.5) (end -0.9 1.5) (layer F.SilkS) (width 0.12))
    (fp_line (start -1.2 1.2) (end -1.5 1.5) (layer F.SilkS) (width 0.12))
    (fp_line (start -2.05 0.3) (end -2.05 -0.3) (layer F.SilkS) (width 0.12))
    (fp_line (start 1.4 1) (end -1.4 1) (layer F.SilkS) (width 0.12))
    (fp_line (start 2.05 -0.3) (end 2.05 0.3) (layer F.SilkS) (width 0.12))
    (fp_line (start -1.4 -1) (end 1.4 -1) (layer F.SilkS) (width 0.12))
    (fp_line (start -2.3 -1.25) (end 2.3 -1.25) (layer F.CrtYd) (width 0.05))
    (fp_line (start -2.3 -1.25) (end -2.3 1.25) (layer F.CrtYd) (width 0.05))
    (fp_line (start 2.3 1.25) (end 2.3 -1.25) (layer F.CrtYd) (width 0.05))
    (fp_line (start 2.3 1.25) (end -2.3 1.25) (layer F.CrtYd) (width 0.05))
    (fp_arc (start 1.35 -0.3) (end 2.05 -0.3) (angle -90) (layer F.SilkS) (width 0.12))
    (fp_arc (start 1.35 0.3) (end 1.35 1) (angle -90) (layer F.SilkS) (width 0.12))
    (fp_arc (start -1.35 0.3) (end -2.05 0.3) (angle -90) (layer F.SilkS) (width 0.12))
    (fp_arc (start -1.35 -0.3) (end -1.35 -1) (angle -90) (layer F.SilkS) (width 0.12))
    (pad 1 smd custom (at -1.3 0 90) (size 1 0.5) (layers Front F.Mask)
      (net 138 "/Analog front end/REF+5CH1") (zone_connect 0)
      (options (clearance outline) (anchor rect))
      (primitives
        (gr_circle (center 0 0.25) (end 0.5 0.25) (width 0))
        (gr_circle (center 0 -0.25) (end 0.5 -0.25) (width 0))
        (gr_poly (pts
           (xy 0.55 -0.75) (xy 0 -0.75) (xy 0 0.75) (xy 0.55 0.75)) (width 0))
      ))
    (pad 3 smd custom (at 1.3 0 90) (size 1 0.5) (layers Front F.Mask)
      (net 272 GND) (zone_connect 0)
      (options (clearance outline) (anchor rect))
      (primitives
        (gr_circle (center 0 0.25) (end 0.5 0.25) (width 0))
        (gr_circle (center 0 -0.25) (end 0.5 -0.25) (width 0))
        (gr_poly (pts
           (xy -0.55 -0.75) (xy 0 -0.75) (xy 0 0.75) (xy -0.55 0.75)) (width 0))
      ))
    (pad 2 smd rect (at 0 0 90) (size 1 1.5) (layers Front F.Mask)
      (net 149 "Net-(C17-Pad2)"))
  )

  (module Resistor_SMD:R_0603_1608Metric (layer Back) (tedit 5B301BBD) (tstamp 5C7E8C18)
    (at 129.716642 143.359791 270)
    (descr "Resistor SMD 0603 (1608 Metric), square (rectangular) end terminal, IPC_7351 nominal, (Body size source: http://www.tortai-tech.com/upload/download/2011102023233369053.pdf), generated with kicad-footprint-generator")
    (tags resistor)
    (path /5BA90750/5C726201)
    (attr smd)
    (fp_text reference R108 (at 0 1.43 270) (layer B.SilkS)
      (effects (font (size 1 1) (thickness 0.15)) (justify mirror))
    )
    (fp_text value 1k (at 0 -1.43 270) (layer B.Fab)
      (effects (font (size 1 1) (thickness 0.15)) (justify mirror))
    )
    (fp_text user %R (at 0 0 270) (layer B.Fab)
      (effects (font (size 0.4 0.4) (thickness 0.06)) (justify mirror))
    )
    (fp_line (start 1.48 -0.73) (end -1.48 -0.73) (layer B.CrtYd) (width 0.05))
    (fp_line (start 1.48 0.73) (end 1.48 -0.73) (layer B.CrtYd) (width 0.05))
    (fp_line (start -1.48 0.73) (end 1.48 0.73) (layer B.CrtYd) (width 0.05))
    (fp_line (start -1.48 -0.73) (end -1.48 0.73) (layer B.CrtYd) (width 0.05))
    (fp_line (start -0.162779 -0.51) (end 0.162779 -0.51) (layer B.SilkS) (width 0.12))
    (fp_line (start -0.162779 0.51) (end 0.162779 0.51) (layer B.SilkS) (width 0.12))
    (fp_line (start 0.8 -0.4) (end -0.8 -0.4) (layer B.Fab) (width 0.1))
    (fp_line (start 0.8 0.4) (end 0.8 -0.4) (layer B.Fab) (width 0.1))
    (fp_line (start -0.8 0.4) (end 0.8 0.4) (layer B.Fab) (width 0.1))
    (fp_line (start -0.8 -0.4) (end -0.8 0.4) (layer B.Fab) (width 0.1))
    (pad 2 smd roundrect (at 0.7875 0 270) (size 0.875 0.95) (layers Back B.Paste B.Mask) (roundrect_rratio 0.25)
      (net 311 "Net-(R108-Pad2)"))
    (pad 1 smd roundrect (at -0.7875 0 270) (size 0.875 0.95) (layers Back B.Paste B.Mask) (roundrect_rratio 0.25)
      (net 272 GND))
    (model ${KISYS3DMOD}/Resistor_SMD.3dshapes/R_0603_1608Metric.wrl
      (at (xyz 0 0 0))
      (scale (xyz 1 1 1))
      (rotate (xyz 0 0 0))
    )
  )

  (module Resistor_SMD:R_0603_1608Metric (layer Back) (tedit 5B301BBD) (tstamp 5C7E8988)
    (at 70.026642 143.359791 270)
    (descr "Resistor SMD 0603 (1608 Metric), square (rectangular) end terminal, IPC_7351 nominal, (Body size source: http://www.tortai-tech.com/upload/download/2011102023233369053.pdf), generated with kicad-footprint-generator")
    (tags resistor)
    (path /5BA90750/5C968F1E)
    (attr smd)
    (fp_text reference R109 (at 0 1.43 270) (layer B.SilkS)
      (effects (font (size 1 1) (thickness 0.15)) (justify mirror))
    )
    (fp_text value 1k (at 0 -1.43 270) (layer B.Fab)
      (effects (font (size 1 1) (thickness 0.15)) (justify mirror))
    )
    (fp_line (start -0.8 -0.4) (end -0.8 0.4) (layer B.Fab) (width 0.1))
    (fp_line (start -0.8 0.4) (end 0.8 0.4) (layer B.Fab) (width 0.1))
    (fp_line (start 0.8 0.4) (end 0.8 -0.4) (layer B.Fab) (width 0.1))
    (fp_line (start 0.8 -0.4) (end -0.8 -0.4) (layer B.Fab) (width 0.1))
    (fp_line (start -0.162779 0.51) (end 0.162779 0.51) (layer B.SilkS) (width 0.12))
    (fp_line (start -0.162779 -0.51) (end 0.162779 -0.51) (layer B.SilkS) (width 0.12))
    (fp_line (start -1.48 -0.73) (end -1.48 0.73) (layer B.CrtYd) (width 0.05))
    (fp_line (start -1.48 0.73) (end 1.48 0.73) (layer B.CrtYd) (width 0.05))
    (fp_line (start 1.48 0.73) (end 1.48 -0.73) (layer B.CrtYd) (width 0.05))
    (fp_line (start 1.48 -0.73) (end -1.48 -0.73) (layer B.CrtYd) (width 0.05))
    (fp_text user %R (at 0 0 270) (layer B.Fab)
      (effects (font (size 0.4 0.4) (thickness 0.06)) (justify mirror))
    )
    (pad 1 smd roundrect (at -0.7875 0 270) (size 0.875 0.95) (layers Back B.Paste B.Mask) (roundrect_rratio 0.25)
      (net 272 GND))
    (pad 2 smd roundrect (at 0.7875 0 270) (size 0.875 0.95) (layers Back B.Paste B.Mask) (roundrect_rratio 0.25)
      (net 310 "Net-(R109-Pad2)"))
    (model ${KISYS3DMOD}/Resistor_SMD.3dshapes/R_0603_1608Metric.wrl
      (at (xyz 0 0 0))
      (scale (xyz 1 1 1))
      (rotate (xyz 0 0 0))
    )
  )

  (module Resistor_SMD:R_0603_1608Metric (layer Front) (tedit 5B301BBD) (tstamp 5C7E8838)
    (at 69.79364 136.9529 270)
    (descr "Resistor SMD 0603 (1608 Metric), square (rectangular) end terminal, IPC_7351 nominal, (Body size source: http://www.tortai-tech.com/upload/download/2011102023233369053.pdf), generated with kicad-footprint-generator")
    (tags resistor)
    (path /5BA90750/5C7079BB)
    (attr smd)
    (fp_text reference R25 (at 0 -1.43 270) (layer F.SilkS)
      (effects (font (size 1 1) (thickness 0.15)))
    )
    (fp_text value 33 (at 0 1.43 270) (layer F.Fab)
      (effects (font (size 1 1) (thickness 0.15)))
    )
    (fp_text user %R (at 0 0 270) (layer F.Fab)
      (effects (font (size 0.4 0.4) (thickness 0.06)))
    )
    (fp_line (start 1.48 0.73) (end -1.48 0.73) (layer F.CrtYd) (width 0.05))
    (fp_line (start 1.48 -0.73) (end 1.48 0.73) (layer F.CrtYd) (width 0.05))
    (fp_line (start -1.48 -0.73) (end 1.48 -0.73) (layer F.CrtYd) (width 0.05))
    (fp_line (start -1.48 0.73) (end -1.48 -0.73) (layer F.CrtYd) (width 0.05))
    (fp_line (start -0.162779 0.51) (end 0.162779 0.51) (layer F.SilkS) (width 0.12))
    (fp_line (start -0.162779 -0.51) (end 0.162779 -0.51) (layer F.SilkS) (width 0.12))
    (fp_line (start 0.8 0.4) (end -0.8 0.4) (layer F.Fab) (width 0.1))
    (fp_line (start 0.8 -0.4) (end 0.8 0.4) (layer F.Fab) (width 0.1))
    (fp_line (start -0.8 -0.4) (end 0.8 -0.4) (layer F.Fab) (width 0.1))
    (fp_line (start -0.8 0.4) (end -0.8 -0.4) (layer F.Fab) (width 0.1))
    (pad 2 smd roundrect (at 0.7875 0 270) (size 0.875 0.95) (layers Front F.Paste F.Mask) (roundrect_rratio 0.25)
      (net 211 "Net-(R25-Pad2)"))
    (pad 1 smd roundrect (at -0.7875 0 270) (size 0.875 0.95) (layers Front F.Paste F.Mask) (roundrect_rratio 0.25)
      (net 101 ADC2_SDO))
    (model ${KISYS3DMOD}/Resistor_SMD.3dshapes/R_0603_1608Metric.wrl
      (at (xyz 0 0 0))
      (scale (xyz 1 1 1))
      (rotate (xyz 0 0 0))
    )
  )

  (module Resistor_SMD:R_0603_1608Metric (layer Front) (tedit 5B301BBD) (tstamp 5C7E8828)
    (at 71.83364 136.9529 270)
    (descr "Resistor SMD 0603 (1608 Metric), square (rectangular) end terminal, IPC_7351 nominal, (Body size source: http://www.tortai-tech.com/upload/download/2011102023233369053.pdf), generated with kicad-footprint-generator")
    (tags resistor)
    (path /5BA90750/5C7079A5)
    (attr smd)
    (fp_text reference R26 (at 0 -1.43 270) (layer F.SilkS)
      (effects (font (size 1 1) (thickness 0.15)))
    )
    (fp_text value 33 (at 0 1.43 270) (layer F.Fab)
      (effects (font (size 1 1) (thickness 0.15)))
    )
    (fp_line (start -0.8 0.4) (end -0.8 -0.4) (layer F.Fab) (width 0.1))
    (fp_line (start -0.8 -0.4) (end 0.8 -0.4) (layer F.Fab) (width 0.1))
    (fp_line (start 0.8 -0.4) (end 0.8 0.4) (layer F.Fab) (width 0.1))
    (fp_line (start 0.8 0.4) (end -0.8 0.4) (layer F.Fab) (width 0.1))
    (fp_line (start -0.162779 -0.51) (end 0.162779 -0.51) (layer F.SilkS) (width 0.12))
    (fp_line (start -0.162779 0.51) (end 0.162779 0.51) (layer F.SilkS) (width 0.12))
    (fp_line (start -1.48 0.73) (end -1.48 -0.73) (layer F.CrtYd) (width 0.05))
    (fp_line (start -1.48 -0.73) (end 1.48 -0.73) (layer F.CrtYd) (width 0.05))
    (fp_line (start 1.48 -0.73) (end 1.48 0.73) (layer F.CrtYd) (width 0.05))
    (fp_line (start 1.48 0.73) (end -1.48 0.73) (layer F.CrtYd) (width 0.05))
    (fp_text user %R (at 0 0 270) (layer F.Fab)
      (effects (font (size 0.4 0.4) (thickness 0.06)))
    )
    (pad 1 smd roundrect (at -0.7875 0 270) (size 0.875 0.95) (layers Front F.Paste F.Mask) (roundrect_rratio 0.25)
      (net 102 ADC2_SCK))
    (pad 2 smd roundrect (at 0.7875 0 270) (size 0.875 0.95) (layers Front F.Paste F.Mask) (roundrect_rratio 0.25)
      (net 96 "Net-(R26-Pad2)"))
    (model ${KISYS3DMOD}/Resistor_SMD.3dshapes/R_0603_1608Metric.wrl
      (at (xyz 0 0 0))
      (scale (xyz 1 1 1))
      (rotate (xyz 0 0 0))
    )
  )

  (module Resistor_SMD:R_0603_1608Metric (layer Front) (tedit 5B301BBD) (tstamp 5C7E87F8)
    (at 73.83364 136.9529 270)
    (descr "Resistor SMD 0603 (1608 Metric), square (rectangular) end terminal, IPC_7351 nominal, (Body size source: http://www.tortai-tech.com/upload/download/2011102023233369053.pdf), generated with kicad-footprint-generator")
    (tags resistor)
    (path /5BA90750/5C7079AC)
    (attr smd)
    (fp_text reference R28 (at 0 -1.43 270) (layer F.SilkS)
      (effects (font (size 1 1) (thickness 0.15)))
    )
    (fp_text value 33 (at 0 1.43 270) (layer F.Fab)
      (effects (font (size 1 1) (thickness 0.15)))
    )
    (fp_text user %R (at 0 0 270) (layer F.Fab)
      (effects (font (size 0.4 0.4) (thickness 0.06)))
    )
    (fp_line (start 1.48 0.73) (end -1.48 0.73) (layer F.CrtYd) (width 0.05))
    (fp_line (start 1.48 -0.73) (end 1.48 0.73) (layer F.CrtYd) (width 0.05))
    (fp_line (start -1.48 -0.73) (end 1.48 -0.73) (layer F.CrtYd) (width 0.05))
    (fp_line (start -1.48 0.73) (end -1.48 -0.73) (layer F.CrtYd) (width 0.05))
    (fp_line (start -0.162779 0.51) (end 0.162779 0.51) (layer F.SilkS) (width 0.12))
    (fp_line (start -0.162779 -0.51) (end 0.162779 -0.51) (layer F.SilkS) (width 0.12))
    (fp_line (start 0.8 0.4) (end -0.8 0.4) (layer F.Fab) (width 0.1))
    (fp_line (start 0.8 -0.4) (end 0.8 0.4) (layer F.Fab) (width 0.1))
    (fp_line (start -0.8 -0.4) (end 0.8 -0.4) (layer F.Fab) (width 0.1))
    (fp_line (start -0.8 0.4) (end -0.8 -0.4) (layer F.Fab) (width 0.1))
    (pad 2 smd roundrect (at 0.7875 0 270) (size 0.875 0.95) (layers Front F.Paste F.Mask) (roundrect_rratio 0.25)
      (net 98 "Net-(R28-Pad2)"))
    (pad 1 smd roundrect (at -0.7875 0 270) (size 0.875 0.95) (layers Front F.Paste F.Mask) (roundrect_rratio 0.25)
      (net 212 "Net-(R28-Pad1)"))
    (model ${KISYS3DMOD}/Resistor_SMD.3dshapes/R_0603_1608Metric.wrl
      (at (xyz 0 0 0))
      (scale (xyz 1 1 1))
      (rotate (xyz 0 0 0))
    )
  )

  (module Resistor_SMD:R_0603_1608Metric (layer Front) (tedit 5B301BBD) (tstamp 5C7E8788)
    (at 129.483 136.953 270)
    (descr "Resistor SMD 0603 (1608 Metric), square (rectangular) end terminal, IPC_7351 nominal, (Body size source: http://www.tortai-tech.com/upload/download/2011102023233369053.pdf), generated with kicad-footprint-generator")
    (tags resistor)
    (path /5BA90750/5BC29A75)
    (attr smd)
    (fp_text reference R7 (at 0 -1.43 270) (layer F.SilkS)
      (effects (font (size 1 1) (thickness 0.15)))
    )
    (fp_text value 33 (at 0 1.43 270) (layer F.Fab)
      (effects (font (size 1 1) (thickness 0.15)))
    )
    (fp_line (start -0.8 0.4) (end -0.8 -0.4) (layer F.Fab) (width 0.1))
    (fp_line (start -0.8 -0.4) (end 0.8 -0.4) (layer F.Fab) (width 0.1))
    (fp_line (start 0.8 -0.4) (end 0.8 0.4) (layer F.Fab) (width 0.1))
    (fp_line (start 0.8 0.4) (end -0.8 0.4) (layer F.Fab) (width 0.1))
    (fp_line (start -0.162779 -0.51) (end 0.162779 -0.51) (layer F.SilkS) (width 0.12))
    (fp_line (start -0.162779 0.51) (end 0.162779 0.51) (layer F.SilkS) (width 0.12))
    (fp_line (start -1.48 0.73) (end -1.48 -0.73) (layer F.CrtYd) (width 0.05))
    (fp_line (start -1.48 -0.73) (end 1.48 -0.73) (layer F.CrtYd) (width 0.05))
    (fp_line (start 1.48 -0.73) (end 1.48 0.73) (layer F.CrtYd) (width 0.05))
    (fp_line (start 1.48 0.73) (end -1.48 0.73) (layer F.CrtYd) (width 0.05))
    (fp_text user %R (at 0 0 270) (layer F.Fab)
      (effects (font (size 0.4 0.4) (thickness 0.06)))
    )
    (pad 1 smd roundrect (at -0.7875 0 270) (size 0.875 0.95) (layers Front F.Paste F.Mask) (roundrect_rratio 0.25)
      (net 95 ADC1_SDO))
    (pad 2 smd roundrect (at 0.7875 0 270) (size 0.875 0.95) (layers Front F.Paste F.Mask) (roundrect_rratio 0.25)
      (net 205 "Net-(R7-Pad2)"))
    (model ${KISYS3DMOD}/Resistor_SMD.3dshapes/R_0603_1608Metric.wrl
      (at (xyz 0 0 0))
      (scale (xyz 1 1 1))
      (rotate (xyz 0 0 0))
    )
  )

  (module Resistor_SMD:R_0603_1608Metric (layer Front) (tedit 5B301BBD) (tstamp 5C7E8758)
    (at 131.523 136.953 270)
    (descr "Resistor SMD 0603 (1608 Metric), square (rectangular) end terminal, IPC_7351 nominal, (Body size source: http://www.tortai-tech.com/upload/download/2011102023233369053.pdf), generated with kicad-footprint-generator")
    (tags resistor)
    (path /5BA90750/5BBEDAA1)
    (attr smd)
    (fp_text reference R8 (at 0 -1.43 270) (layer F.SilkS)
      (effects (font (size 1 1) (thickness 0.15)))
    )
    (fp_text value 33 (at 0 1.43 270) (layer F.Fab)
      (effects (font (size 1 1) (thickness 0.15)))
    )
    (fp_text user %R (at 0 0 270) (layer F.Fab)
      (effects (font (size 0.4 0.4) (thickness 0.06)))
    )
    (fp_line (start 1.48 0.73) (end -1.48 0.73) (layer F.CrtYd) (width 0.05))
    (fp_line (start 1.48 -0.73) (end 1.48 0.73) (layer F.CrtYd) (width 0.05))
    (fp_line (start -1.48 -0.73) (end 1.48 -0.73) (layer F.CrtYd) (width 0.05))
    (fp_line (start -1.48 0.73) (end -1.48 -0.73) (layer F.CrtYd) (width 0.05))
    (fp_line (start -0.162779 0.51) (end 0.162779 0.51) (layer F.SilkS) (width 0.12))
    (fp_line (start -0.162779 -0.51) (end 0.162779 -0.51) (layer F.SilkS) (width 0.12))
    (fp_line (start 0.8 0.4) (end -0.8 0.4) (layer F.Fab) (width 0.1))
    (fp_line (start 0.8 -0.4) (end 0.8 0.4) (layer F.Fab) (width 0.1))
    (fp_line (start -0.8 -0.4) (end 0.8 -0.4) (layer F.Fab) (width 0.1))
    (fp_line (start -0.8 0.4) (end -0.8 -0.4) (layer F.Fab) (width 0.1))
    (pad 2 smd roundrect (at 0.7875 0 270) (size 0.875 0.95) (layers Front F.Paste F.Mask) (roundrect_rratio 0.25)
      (net 206 "Net-(R8-Pad2)"))
    (pad 1 smd roundrect (at -0.7875 0 270) (size 0.875 0.95) (layers Front F.Paste F.Mask) (roundrect_rratio 0.25)
      (net 97 ADC1_SCK))
    (model ${KISYS3DMOD}/Resistor_SMD.3dshapes/R_0603_1608Metric.wrl
      (at (xyz 0 0 0))
      (scale (xyz 1 1 1))
      (rotate (xyz 0 0 0))
    )
  )

  (module Resistor_SMD:R_0603_1608Metric (layer Front) (tedit 5B301BBD) (tstamp 5C7E8708)
    (at 133.523 136.953 270)
    (descr "Resistor SMD 0603 (1608 Metric), square (rectangular) end terminal, IPC_7351 nominal, (Body size source: http://www.tortai-tech.com/upload/download/2011102023233369053.pdf), generated with kicad-footprint-generator")
    (tags resistor)
    (path /5BA90750/5BBEDCD7)
    (attr smd)
    (fp_text reference R10 (at 0 -1.43 270) (layer F.SilkS)
      (effects (font (size 1 1) (thickness 0.15)))
    )
    (fp_text value 33 (at 0 1.43 270) (layer F.Fab)
      (effects (font (size 1 1) (thickness 0.15)))
    )
    (fp_line (start -0.8 0.4) (end -0.8 -0.4) (layer F.Fab) (width 0.1))
